16-3-14-11-13
15-16-3-12-11
9-14-6-12
13-15-16-3-12-14-11
12-9-0-12
3-4-12-3
13-15-16-3-12-14-11
5-4-12-3
13-15-16-3-12-14-11
7-13-16-16-0-12-14-11
8-13-11-11-15-16-3-12
3-4-12-3
13-15-16-3-12-14-11
13-15-16-3-12-14-11
13-15-16-3-12-14-11
13-15-16-3-12-14-11
13-15-16-3-12-14-11
9-14-6-12
12-13-9-1
13-15-16-3-12-14-11
9-10-12-0
12-13-9-1
13-15-16-3-12-14-11
13-15-16-3-12-14-11
15-16-3-12-13-16-11
13-15-16-3-12-14-11
13-15-16-3-12-14-11
13-15-16-3-12-14-11
9-14-6-12
12-9-0-12
10-9-12-0-0
12-9-0-12
12-13-9-1
13-15-16-3-12-14-11
9-10-12-0
13-15-16-3-12-14-11
13-15-16-3-12-1-14-11
9-10-12-0
13-16-3-12-14-11
13-16-15-3-15-12-14-11
13-15-16-3-12-14-11
13-15-16-3-12-14-11
13-15-16-3-12-14-11
13-15-16-3-12-14-11
13-15-16-3-12-14-11
3-4-12-3
16-3-15-13-14-12-11
13-15-16-3-12-14-11
13-15-16-3-12-14-11
14-13-15-2-3-12
13-15-16-3-12-14-11
13-15-16-3-12-14-11
13-15-16-3-12-14-11
13-15-16-3-12-14-11
12-9-12-9-14-0-12
13-15-16-3-12-14-11
13-15-16-3-12-14-11
13-15-16-3-12-14-11
13-15-16-3-12-14-11
12-9-0-12
13-15-16-3-12-14-11
13-15-16-3-12-14-11
13-15-16-3-12-14-11
13-15-16-3-12-14-11
13-15-16-3-12-14-11
15-3-13-16-12-11
13-15-16-3-12-14-11
13-15-16-3-12-14-11
13-16-3-12-2-14-11
13-16-3-12-14-11-15
13-15-16-3-12-14-11
13-15-16-3-12-14-11
9-14-6-12
13-15-16-3-12-14-11
13-15-16-3-12-14-11
13-15-16-3-12-14-11
13-15-16-3-12-14-11
13-15-16-3-12-14-11
13-15-16-3-12-14-11
13-15-16-3-12-14-11
13-15-16-3-12-14-11
9-5-14-6-12
3-4-12-3
13-15-16-3-12-14-11
13-15-16-3-12-14-11
9-10-12-0
13-15-16-3-12-14-11
13-15-16-3-12-14-11
13-15-16-3-12-14-11
15-16-12-3-14-11
13-15-16-3-12-14-11
13-15-16-3-12-14-11
13-15-16-3-12-14-11
13-15-16-3-12-14-11
12-2-5-13-1
15-13-12-14-11
12-13-9-1
13-15-16-3-12-14-11
13-15-16-3-12-14-11
13-15-16-3-12-14-11
